start=3404.625000
volume=110.000000
fullscreen=yes
