start=21.007933
volume=80.000000
