start=314.733000
pause=yes
volume=125.000000
sub-delay=0.400000
sub-visibility=no
