start=25.433000
volume=55.000000
